
==================== PER-SAMPLE TABLE ====================
 sample          condition MET_copy MET_conf ERBB2_copy ERBB2_conf EGFR_copy
 703-13 met2.1875ERBB2.625    1.009     0.21      1.257      30.51     1.000
 703-14 met2.1875ERBB2.625    1.106     3.28      1.228      29.38     1.006
 703-15 met2.1875ERBB2.625    1.118     2.55      1.217      26.26     0.983
 703-16 met2.1875ERBB2.625    1.297    10.29      1.112      16.71     0.959
 703-17 met2.1875ERBB2.625    1.113     3.06      1.286      39.20     1.049
 703-18 met2.1875ERBB2.625    1.142     4.20      1.231      30.67     1.053
 703-10   met2.375ERBB3.25    1.259    11.99      1.509      73.22     1.041
 703-11   met2.375ERBB3.25    1.342    14.78      1.403      65.58     0.986
 703-12   met2.375ERBB3.25    1.201     7.75      1.502      72.31     0.987
  703-7   met2.375ERBB3.25    1.240     9.71      1.514      72.21     0.985
  703-8   met2.375ERBB3.25    1.281    11.28      1.561      73.14     1.046
  703-9   met2.375ERBB3.25    1.173     9.10      1.555      74.96     1.017
  703-1    met2.75ERBB4.75    1.330    20.20      2.235      86.41     1.002
  703-2    met2.75ERBB4.75    1.327    19.00      2.200      86.45     0.984
  703-3    met2.75ERBB4.75    1.334    14.94      2.240      86.62     0.977
  703-4    met2.75ERBB4.75    1.246    17.10      2.112      84.32     1.029
  703-5    met2.75ERBB4.75    1.438    27.19      2.099      80.95     1.010
  703-6    met2.75ERBB4.75    1.424    26.03      2.206      83.42     1.013
 703-20     normal_holdout    1.026     0.37      0.972       1.13     0.975
 703-26     normal_holdout    1.030     0.27      1.028       3.89     0.992
 703-28     normal_holdout    1.024     0.41      0.963       1.35     1.039
 EGFR_conf
      0.67
      0.36
      0.36
      3.89
      1.07
      2.03
      0.75
      4.08
      0.56
      0.41
      0.37
      0.48
      0.53
      0.76
      1.21
      0.45
      0.72
      0.45
      0.66
      0.42
      0.47

==================== PER-CONDITION SUMMARY ====================
          condition n          MET_copy             MET_conf        ERBB2_copy
     normal_holdout 3 1.03 [1.02, 1.03]    0.37 [0.32, 0.39] 0.97 [0.97, 1.00]
 met2.1875ERBB2.625 6 1.12 [1.11, 1.14]    3.17 [2.68, 3.97] 1.23 [1.22, 1.25]
   met2.375ERBB3.25 6 1.25 [1.21, 1.28]  10.50 [9.25, 11.81] 1.51 [1.50, 1.54]
    met2.75ERBB4.75 6 1.33 [1.33, 1.40] 19.60 [17.58, 24.57] 2.20 [2.13, 2.23]
           ERBB2_conf
    1.35 [1.24, 2.62]
 29.95 [27.04, 30.63]
 72.72 [72.23, 73.20]
 85.36 [83.64, 86.44]
